10000
10005
10018
10019
10026
10028
10033
10042
10045
1005
10059
10067
10075
10094
10102
10107
10108
10125
10132
10139
10150
10166
10173
10184
10197
10199
10222
10223
10226
10232
10234
10235
10255
10256
10259
10267
10277
10278
10281
10282
10288
10296
10297
10309
1031
10313
10326
10338
10340
10357
10368
10369
10371
10378
1038
10382
10386
10387
1039
10392
10400
10402
10409
10410
10414
10432
10441
10443
1046
10478
10479
10480
10491
10496
10499
10502
10511
10518
10522
10536
10537
1054
10542
10573
10574
10577
10587
1059
10598
10600
10602
10604
10614
10617
10640
10644
1065
10655
10669
10675
10683
10685
10688
10702
10710
10728
10735
10773
10775
10792
10793
10795
10809
10810
10818
10822
10836
10841
10853
10855
10861
10869
10881
10889
10900
10901
10914
10925
10926
10930
10932
10936
10954
10965
10967
10968
1097
10977
10991
10996
11004
11010
11011
1102
11022
11024
11031
11037
11038
11053
11058
11061
11063
1107
11073
11082
11093
11094
11095
11104
11105
11113
11117
11118
1113
11133
11136
11139
11145
11153
11156
11168
11169
11172
11176
11183
11188
11196
11199
11207
11217
11222
11239
1124
11245
11249
11254
11255
11256
11258
11265
1127
11275
11278
11288
113
11300
11325
11327
11332
11339
1135
11351
11355
11356
11370
11371
11378
11394
1140
11412
11418
11423
11425
11434
11437
11441
11447
11449
11463
11466
11468
1147
11478
11485
11488
11491
11494
11499
11509
11513
11515
11529
11532
11536
11541
1157
11574
11575
11577
1158
116
11607
11637
11643
11646
11657
11668
11670
11674
11676
11678
1168
117
11702
11709
11716
11719
11720
11721
1173
11730
11731
11741
11750
11755
11756
11761
11777
11778
11780
11781
11784
11796
1181
11812
11814
11826
11828
11833
11842
11845
11849
11856
11864
1188
11888
11897
11901
11909
11913
11916
11918
11944 11954 11967 11972 11990 11998 11999 12001 12003 12015 1203 12039 1205 12057 12063 12075 1208 12083 12090 121 12101 12103
1211
12114
12122
12125
1213
12131
12133
12148
12154
12156
12171
12172
12180
12181
12191
12193
12204
1222
12220
12235
12238
12243
12245
12676
12718
12972
13170
13332
13444
13475
13526
13594
13653
13873
13876
1472
152
1546
1553
1602
165
1847
1878
1946
2044
2061
2241
233
2338
2341
2444
2449
2743
2870
2949
3065
3130
3283
3426
3497
3804
3924
4085
428
4300
4352
4644
4954
4981
4987
5046
5367
5376
5460
5475
5554
5955
6051
6231
6476
6597
6599
6651
6696
7000
7008
7041
7092
7172
7420
7661
7764
8063
8169
8274
8429
878
9029
9434
960
9605
9633
9779
9999
